# Auto-generated calibration values
hips_x=-1.035029087215662
hips_y=-0.6696645803749561
hips_z=-0.0003535440191626549
left_foot_x=-0.8443473801016808
left_foot_y=-1.0638621896505356
left_foot_z=-0.24381455779075623
right_foot_x=-1.153674103319645
right_foot_y=-1.0696867406368256
right_foot_z=-0.2627633213996887
